[gd_scene load_steps=8 format=3 uid="uid://cw8m7ifmu03i"]

[ext_resource type="Script" path="res://main.gd" id="1_acoiu"]
[ext_resource type="PackedScene" uid="uid://dra68rok3cvhu" path="res://player.tscn" id="2_5ldnc"]
[ext_resource type="PackedScene" uid="uid://bpvltnt8e35g" path="res://floor_2.tscn" id="2_6xu5e"]
[ext_resource type="Script" path="res://Cutsene1.gd" id="5_ntgdd"]
[ext_resource type="PackedScene" uid="uid://dirrdmdl4xse2" path="res://User Interface/Pause.tscn" id="6_4q18x"]

[sub_resource type="BoxShape3D" id="BoxShape3D_k5t8h"]
size = Vector3(46.9264, 0.119, 10)

[sub_resource type="BoxShape3D" id="BoxShape3D_r8ncn"]
size = Vector3(3.39938, 7.23328, 10.0446)

[node name="Main" type="Node3D"]
transform = Transform3D(1, 0, 0, 0, 1, 0, 0, 0, 1, -0.361197, 51.8753, 0.764786)
script = ExtResource("1_acoiu")

[node name="Floor 2" parent="." instance=ExtResource("2_6xu5e")]
transform = Transform3D(2.27597, 0, 0, 0, 2.89357, 0, 0, 0, 2.42134, -7.68687, 0.205734, -32.9053)

[node name="Platform" type="StaticBody3D" parent="."]
transform = Transform3D(0.241049, 0, 0, 0, 1, 0, 0, 0, 1, 0, 0.0696869, 0)

[node name="CollisionShape3D" type="CollisionShape3D" parent="Platform"]
transform = Transform3D(64.3378, 0, 0, 0, 0.999981, 0, 0, 0, 0.999981, 495.8, 0.0989838, 0)
shape = SubResource("BoxShape3D_k5t8h")

[node name="CollisionShape3D2" type="CollisionShape3D" parent="Platform"]
transform = Transform3D(64.3378, 0, 0, 0, 0.99998, 0, 0, 0, 0.99998, 495.8, 69.1632, 0)
shape = SubResource("BoxShape3D_k5t8h")

[node name="Player" parent="." instance=ExtResource("2_5ldnc")]
transform = Transform3D(0.0866864, 0, 0.996236, 0, 1, 0, -0.996236, 0, 0.0866864, -14.0641, 2.52042, -0.145096)

[node name="DirectionalLight3D" type="DirectionalLight3D" parent="."]
transform = Transform3D(0.940365, -0.324804, 0.101077, 0.264826, 0.885515, 0.381746, -0.213498, -0.332212, 0.918724, 262.443, 134.93, 203.39)

[node name="DirectionalLight3D2" type="DirectionalLight3D" parent="."]
transform = Transform3D(0.940365, -0.324804, 0.101077, 0.0740498, -0.0945553, -0.992762, 0.33201, 0.941043, -0.0648649, 269.922, 0.826351, 0.399755)

[node name="DirectionalLight3D3" type="DirectionalLight3D" parent="."]
transform = Transform3D(-0.64227, 0.175166, -0.746194, -0.690839, 0.289405, 0.662561, 0.33201, 0.941043, -0.0648648, -131.926, 172.626, 0.399755)
light_energy = 1.305
light_indirect_energy = 1.829
shadow_enabled = true

[node name="CanvasLayer" type="CanvasLayer" parent="."]

[node name="Pause" parent="CanvasLayer" instance=ExtResource("6_4q18x")]
visible = false

[node name="Cutsene1" type="Area3D" parent="."]
transform = Transform3D(1, 0, 0, 0, 1, 0, 0, 0, 1, 189.799, 0.570683, -0.14373)
script = ExtResource("5_ntgdd")

[node name="CollisionShape3D" type="CollisionShape3D" parent="Cutsene1"]
transform = Transform3D(1, 0, 0, 0, 1, 0, 0, 0, 1, 2.68066, 3.47373, 0.0219263)
shape = SubResource("BoxShape3D_r8ncn")

[node name="Cutsene2" type="Area3D" parent="."]
transform = Transform3D(1, 0, 0, 0, 1, 0, 0, 0, 1, 398.8, 67.0328, -0.14373)
script = ExtResource("5_ntgdd")

[node name="CollisionShape3D" type="CollisionShape3D" parent="Cutsene2"]
transform = Transform3D(1, 0, 0, 0, 1, 0, 0, 0, 1, 2.68066, 3.47373, 0.0219263)
shape = SubResource("BoxShape3D_r8ncn")

[connection signal="body_entered" from="Cutsene1" to="." method="_on_cutsene_1_body_entered"]
[connection signal="body_entered" from="Cutsene2" to="Cutsene2" method="_on_body_entered2"]
